00000000100000000100000000100000
00000000000000000000000000000000
00000000000000000000000000000000
00000000000000000000000000000000
00000000001000000100100000100010
00000000000000000000000000000000
00000000000000000000000000000000
00000000000000000000000000000000
00000000100001010101000000101010
00000000000000000000000000000000
00000000000000000000000000000000
00000000000000000000000000000000
00000000110001110101100000100100
00000000000000000000000000000000
00000000000000000000000000000000
00000000000000000000000000000000
00000000110001110110000000100101
00000000000000000000000000000000
00000000000000000000000000000000
00000000000000000000000000000000
00000000110001110110100000100110
00000000000000000000000000000000
00000000000000000000000000000000
00000000000000000000000000000000
00000000110001110111000000100111
